 MeshVersionFormatted 2
 Dimension
 3
 Vertices
 86
                    0                         0                         0      1
               0.0025                         0                         0      2
              -0.0025                         0                         0      3
                    0                    0.0025                         0      4
                    0                   -0.0025                         0      5
               0.0025                         0                    0.0027      15
                    0                         0                    0.0027      16
                    0                    0.0025                    0.0027      17
              -0.0025                         0                    0.0027      20
                    0                   -0.0025                    0.0027      23
  0.00095670858349266       -0.0023096988302096                         0      1
   0.0017677669572033       -0.0017677669487294                         0      1
   0.0023096988325096       -0.0009567085779398                         0      1
   0.0023096988302096       0.00095670858349266                         0      2
   0.0017677669487294        0.0017677669572033                         0      2
   0.0009567085779398        0.0023096988325096                         0      2
 -0.00095670858349266        0.0023096988302096                         0      3
  -0.0017677669572033        0.0017677669487294                         0      3
  -0.0023096988325096        0.0009567085779398                         0      3
  -0.0023096988302096      -0.00095670858349266                         0      4
  -0.0017677669487294       -0.0017677669572033                         0      4
  -0.0009567085779398       -0.0023096988325096                         0      4
   0.0023096988302096       0.00095670858349266                    0.0027      5
   0.0017677669487294        0.0017677669572033                    0.0027      5
   0.0009567085779398        0.0023096988325096                    0.0027      5
               0.0025                         0       0.00089999999999779      6
               0.0025                         0        0.0017999999999977      6
                    0                    0.0025       0.00089999999999779      7
                    0                    0.0025        0.0017999999999977      7
 -0.00095670858349266        0.0023096988302096                    0.0027      9
  -0.0017677669572033        0.0017677669487294                    0.0027      9
  -0.0023096988325096        0.0009567085779398                    0.0027      9
              -0.0025                         0       0.00089999999999779      11
              -0.0025                         0        0.0017999999999977      11
  -0.0023096988302096      -0.00095670858349266                    0.0027      13
  -0.0017677669487294       -0.0017677669572033                    0.0027      13
  -0.0009567085779398       -0.0023096988325096                    0.0027      13
                    0                   -0.0025       0.00089999999999779      15
                    0                   -0.0025        0.0017999999999977      15
  0.00095670858349266       -0.0023096988302096                    0.0027      17
   0.0017677669572033       -0.0017677669487294                    0.0027      17
   0.0023096988325096       -0.0009567085779398                    0.0027      17
  0.00071649688238459        0.0023951267643975        0.0013459190080471      8
   0.0023785000000004       0.00076989463564718        0.0013499999999977      8
   0.0020938179802183        0.0013659891162504        0.0019574302248203      8
   0.0013892867954816        0.0020784326305898        0.0018349097529667      8
   0.0018205261681753        0.0017133839239904        0.0010785057024092      8
   0.0012493301511878        0.0021654501087148        0.0007439297952064      8
   0.0022094923500012        0.0011696766883572       0.00069099832935155      8
  0.00063183137710571        0.0024188404475915        0.0020669648415299      8
   0.0024108815322308       0.00066155138692974        0.0020558950174133      8
   0.0006015650784987        0.0024265447567129       0.00060160772789701      8
    0.002425521130702       0.00060567915971922       0.00057105448464378      8
  -0.0023951267643975       0.00071649688238459        0.0013459190080471      12
 -0.00076989463564718        0.0023785000000004        0.0013499999999977      12
  -0.0013659891162504        0.0020938179802183        0.0019574302248203      12
  -0.0020784326305898        0.0013892867954816        0.0018349097529667      12
  -0.0017133839239904        0.0018205261681753        0.0010785057024092      12
  -0.0021654501087148        0.0012493301511878        0.0007439297952064      12
  -0.0011696839054116        0.0022094885293708       0.00069114361848776      12
  -0.0024188404475915       0.00063183137710571        0.0020669648415299      12
 -0.00066155138692974        0.0024108815322308        0.0020558950174133      12
  -0.0024265447567129        0.0006015650784987       0.00060160772789701      12
 -0.00060562618724487        0.0024255343578938       0.00057143772827244      12
 -0.00071649688238459       -0.0023951267643975        0.0013459190080471      16
  -0.0023785000000004      -0.00076989463564718        0.0013499999999977      16
  -0.0020938179802183       -0.0013659891162504        0.0019574302248203      16
  -0.0013892867954816       -0.0020784326305898        0.0018349097529667      16
  -0.0018205261681753       -0.0017133839239904        0.0010785057024092      16
  -0.0012493301511878       -0.0021654501087148        0.0007439297952064      16
  -0.0022094923500012       -0.0011696766883572       0.00069099832935155      16
 -0.00063183137710571       -0.0024188404475915        0.0020669648415299      16
  -0.0024108815322308      -0.00066155138692974        0.0020558950174133      16
  -0.0006015650784987       -0.0024265447567129       0.00060160772789701      16
   -0.002425521130702      -0.00060567915971922       0.00057105448464378      16
   0.0023951267642901      -0.00071649688274368        0.0013459190089181      20
  0.00076989463564718       -0.0023785000000004        0.0013499999999977      20
   0.0013659891164642       -0.0020938179800788        0.0019574302250521      20
    0.002078432630343       -0.0013892867958509        0.0018349097535885      20
   0.0017133839239904       -0.0018205261681753        0.0010785057024091      20
   0.0021654501083143        -0.001249330151882        0.0007439297988741      20
   0.0011696839051006       -0.0022094885295354       0.00069114361822739      20
   0.0024188404475793      -0.00063183137715234        0.0020669648409214      20
  0.00066155138692974       -0.0024108815322308        0.0020558950174133      20
   0.0024265447564942      -0.00060156507938076       0.00060160773068381      20
   0.0006056261871731       -0.0024255343579117       0.00057143772821362      20
 Edges
 44
 5 11 1
 11 12 1
 12 13 1
 13 2 1
 2 14 2
 14 15 2
 15 16 2
 16 4 2
 4 17 3
 17 18 3
 18 19 3
 19 3 3
 3 20 4
 20 21 4
 21 22 4
 22 5 4
 6 23 5
 23 24 5
 24 25 5
 25 8 5
 2 26 6
 26 27 6
 27 6 6
 4 28 7
 28 29 7
 29 8 7
 8 30 9
 30 31 9
 31 32 9
 32 9 9
 3 33 11
 33 34 11
 34 9 11
 9 35 13
 35 36 13
 36 37 13
 37 10 13
 5 38 15
 38 39 15
 39 10 15
 10 40 17
 40 41 17
 41 42 17
 42 6 17
 Triangles
 136
 44 47 45 8
 47 48 46 8
 46 48 43 8
 44 49 47 8
 47 49 15 8
 15 48 47 8
 24 46 25 8
 29 43 28 8
 26 44 27 8
 45 47 46 8
 15 49 14 8
 16 48 15 8
 23 45 24 8
 6 51 23 8
 45 46 24 8
 25 50 8 8
 27 51 6 8
 8 50 29 8
 4 52 16 8
 26 53 44 8
 28 52 4 8
 46 50 25 8
 14 53 2 8
 44 53 49 8
 43 50 46 8
 2 53 26 8
 45 51 44 8
 43 52 28 8
 23 51 45 8
 44 51 27 8
 29 50 43 8
 48 52 43 8
 16 52 48 8
 49 53 14 8
 55 58 56 12
 58 59 57 12
 57 59 54 12
 55 60 58 12
 58 60 18 12
 18 59 58 12
 31 57 32 12
 34 54 33 12
 28 55 29 12
 56 58 57 12
 18 60 17 12
 19 59 18 12
 30 56 31 12
 8 62 30 12
 56 57 31 12
 32 61 9 12
 29 62 8 12
 9 61 34 12
 3 63 19 12
 28 64 55 12
 33 63 3 12
 57 61 32 12
 17 64 4 12
 54 61 57 12
 55 64 60 12
 4 64 28 12
 56 62 55 12
 54 63 33 12
 30 62 56 12
 55 62 29 12
 34 61 54 12
 59 63 54 12
 19 63 59 12
 60 64 17 12
 66 69 67 16
 69 70 68 16
 68 70 65 16
 66 71 69 16
 69 71 21 16
 21 70 69 16
 36 68 37 16
 39 65 38 16
 33 66 34 16
 67 69 68 16
 21 71 20 16
 22 70 21 16
 35 67 36 16
 9 73 35 16
 67 68 36 16
 37 72 10 16
 34 73 9 16
 10 72 39 16
 5 74 22 16
 33 75 66 16
 38 74 5 16
 68 72 37 16
 20 75 3 16
 66 75 71 16
 65 72 68 16
 3 75 33 16
 67 73 66 16
 65 74 38 16
 35 73 67 16
 66 73 34 16
 39 72 65 16
 70 74 65 16
 22 74 70 16
 71 75 20 16
 77 80 78 20
 80 81 79 20
 79 81 76 20
 77 82 80 20
 80 82 12 20
 12 81 80 20
 41 79 42 20
 27 76 26 20
 38 77 39 20
 78 80 79 20
 12 82 11 20
 13 81 12 20
 40 78 41 20
 10 84 40 20
 78 79 41 20
 42 83 6 20
 39 84 10 20
 6 83 27 20
 2 85 13 20
 38 86 77 20
 26 85 2 20
 79 83 42 20
 11 86 5 20
 76 83 79 20
 77 86 82 20
 5 86 38 20
 78 84 77 20
 76 85 26 20
 40 84 78 20
 77 84 39 20
 27 83 76 20
 81 85 76 20
 13 85 81 20
 82 86 11 20
 End
